0 0 0 0 0 0 0 0 0 0 0 0
0 0 0 0 0 0 0 0 0 0 0 0
2.83010361590423 0 0 0 0 0 0 0 0 0 0 0
0 0 0 0 0 0 0 0 0 0 0 0
0 0 0 2.20367491689976 0 0 0 0 0 0 0 0
0 0 0 0 0 0 0 0 0 0 0 0
0 0 0 1.58249212021474 0 0 0 0 0 0 0 0
0 0 0 0 0 0 2.74549295345787 0 0 0 0 0
1.50681799587328 -2.55721150198951 0 0 1.3478923636023 0 0 0 0 0 0 0
0 0 2.74782380105462 -1.95180233730935 -1.32480994944926 -1.47658327943645 0 0 0 0 0 0
2.88545681093819 2.69693824485876 0 0 0 0 0 0 2.41867049436551 0 0 0
0 0 0 -1.00493750232272 0 2.12413964120206 -2.95360643437598 0 -1.82951874502469 2.59416224013548 0 0
