0 0 0 0 0 0 0 0 0 0 0 0 0 0 0
0 0 0 0 0 0 0 0 0 0 0 0 0 0 0
-2.8253975241445 0 0 0 0 0 0 0 0 0 0 0 0 0 0
0 0 -2.93861203072593 0 0 0 0 0 0 0 0 0 0 0 0
0 0 0 0 0 0 0 0 0 0 0 0 0 0 0
-2.00200374247506 0 0 0 0 0 0 0 0 0 0 0 0 0 0
0 0 0 0 0 0 0 0 0 0 0 0 0 0 0
0 0 0 0 0 0 0 0 0 0 0 0 0 0 0
0 0 0 0 2.87722529750317 0 0 0 0 0 0 0 0 0 0
0 0 0 0 0 0 0 0 2.93851360362023 0 0 0 0 0 0
0 0 0 0 -2.96078715845942 0 0 0 -2.50639859680086 0 0 0 0 0 0
2.71636833492666 -2.77111270958558 0 1.0053538727574 -0.800922480970621 0 0 0 0 0.533539783582091 0 0 0 0 0
0 -2.97305983249098 0 0 0 0 0 0 0 0 0 0 0 0 0
0.35103309918195 -1.0414018557407 0 0 0 0 0 0 0 0 0 0 0.838147709611803 0 0
0 1.29777857679874 0 0 0 1.61589908627793 0 0 0 0 0 0 0 0 0
